0  421
1  473
2  403
3  389
4  347
5  345
6  333
7  337
8  343
9  331
10  408
11  358
12  304
13  348
14  327
15  347
16  379
17  404
18  396
19  398
20  303
21  315
22  276
23  247
24  258
25  242
26  252
27  241
28  189
29  237
30  214
31  187
32  198
33  177
34  179
35  205
36  191
37  179
38  192
39  203
40  186
41  171
42  150
43  150
44  157
45  138
46  167
47  140
48  149
49  160
50  153
51  204
52  235
53  239
54  273
55  236
56  345
57  336
58  390
59  370
60  413
61  389
62  382
63  464
64  623
65  928
66  978
67  1100
68  803
69  624
70  703
71  979
72  1188
73  1553
74  1727
75  1711
76  1503
77  2212
78  2761
79  3751
80  4800
81  4441
82  4055
83  2719
84  4051
85  4830
86  4835
87  5538
88  5697
89  4953
90  4527
91  3392
92  3532
93  4431
94  5075
95  4854
96  4998
97  4501
98  3595
99  4518
100  5414
101  6642
102  5926
103  5540
104  4477
105  3617
106  4321
107  5048
108  5568
109  5309
110  5016
111  4103
112  3199
113  3649
114  4017
115  4019
116  3703
117  3625
118  3286
119  2637
120  3043
121  3500
122  3588
123  3158
124  2792
125  2194
126  1935
127  1818
128  1893
129  1886
130  1749
131  1566
132  1195
133  879
134  913
135  861
136  830
137  688
138  669
139  603
140  531
141  552
142  586
143  542
144  519
145  425
146  400
147  391
148  399
149  408
150  348
151  350
152  402
153  383
154  289
155  327
156  355
157  307
158  314
159  322
160  323
161  314
162  311
163  328
164  289
165  326
166  333
167  317
168  358
169  336
170  298
171  377
172  380
173  397
174  388
175  386
176  379
177  356
178  422
179  425
180  484
181  470
182  429
183  465
184  397
185  482
186  480
187  509
188  612
189  600
190  601
191  645
192  651
193  646
194  614
195  677
196  633
197  654
198  700
199  776
200  878
201  1054
202  1080
203  853
204  802
205  956
206  971
207  865
208  705
209  679
210  652
211  707
212  722
213  785
214  802
215  815
216  936
217  900
218  847
219  816
220  756
221  749
222  649
223  583
224  521
225  511
226  616
227  644
228  633
229  539
230  572
231  483
232  404
233  410
234  428
235  349
236  391
237  422
238  349
239  339
240  358
241  426
242  482
243  673
244  960
245  369
246  204
247  155
248  158
249  212
250  213
251  259
252  187
253  393
254  732
255  1317
